00101101000110
01111101001110
00000000100011
00001001101010
10110010100011
01111111110011
00010000110101
10100110010000
00110101100110
10000100010011
10001111110101
10100001000001
10000100001001
00101000001001
01010111011001
00110110100100
10101110010001
00100101010101
01000101100111
00011000010010
01001100101001
00110010101100
01010110010111
01001111100101
01010110001110
01001000010111
00111110101001
10101110011101
10111001110101
00001111011010
10101001010100
01110010001110
01100000100111
10011000011000
01001101011100
01011011110010
10101111110011
00011001010010
10101110000111
01010011010011
00110111000011
10000011111001
01001011010000
10001010111000
01001101111000
01011100101111
01010110110001
00101011000011
10000101101110
01110110110101
01000010010000
01101111000101
00111100010011
01011010010010
01111010101010
10111111001010
00100001011110
01011001101100
00000110100100
00110011011011
10111001100011
10000100010000
01001010111010
00100101001000
00010111001010
01010111110000
10001000000110
00011111000010
00001011001011
00001010111010
01011001011000
01100011110011
00000010100100
10101101110100
10000100101010
01100100010110
10011010011100
01011100100110
01011000011001
00000010100011
00000111011001
10000100001011
10110110101000
00000001100001
00101011100001
01011010100011
01000011010100
10111001100001
10111101011011
01000100110101
01000101000011
00010110000100
10110111001011
01011101010001
10011001010100
01011001010000
01111100000111
01100101111001
01100001000010
01111100000011
01111100000100
10001100000000
01111001111101
00000001001001
01111010101100
01010101100001
10100010011110
00111011111110
10010010000100
00011001011011
10101000001101
00011111011110
00110111011010
01011100001111
00110111100000
01101011111001
00110010011011
01001001011101
01101111110010
01010101011001
00110001111110
01101100101100
10000101101010
01011000100110
01010110000001
10001010101110
00010111001110
10000100001001
00011100110110
10110010011100
10001001110010
00010011010111
10100111110110
10010101110011
01001010010000
01101101010000
10111011100000
01111010000010
00001000110000
10011000100011
10111111101001
00111111001101
01011011101101
10101100100001
00011011111100
00110000000100
01100010001011
10011110101011
00110001000010
10101010011110
00010101001000
00100011010011
10110010101000
10101101011101
10111110010011
01100100011111
10000110011000
10110101110001
00100010011001
00100101110000
00111110001111
10000111010001
01010010011110
01101000110111
00111010101001
01011101100000
00110111000011
00001101000110
10010000010001
10010100000100
10110111000110
00101010111111
00100110101101
01011000111100
01010000011000
10000100110110
01111101100100
00101101100100
01000000001111
10011000110111
00001010000010
00000010001110
10011111101000
10010000111010
00010001001010
00100000000011
10111011111011
00011011011100
01100100001000
10000000100100
10100111100001
10100100101111
00100010100010
01010000111010
00010011110010
10000010010001
01110010100011
10111000010000
01100011000001
01111000110010
01010101011101
01110111000010
00001000001100
00011111100111
00111111110100
01010011100010
01101011110111
10000001010110
10010000011001
01110111100001
01100110110100
01011110110010
01110001111001
01011101110110
01100110001101
01111100001110
10110100100001
10001011101011
10111101101000
00011100110110
00111001010100
01101100100001
01111010000001
10100100101110
00010101011010
01101110010001
01100111111011
10100110011000
10111101000111
01100100101000
10100000000010
01000111011000
00000101111010
01001011011101
10011001010001
01110110101100
00101010010010
00000010110110
00001010110010
00010101101100
10110101110110
01101100111111
00001011001010
10111111001001
00101101001111
01111111101111
01110111100011
10111010111001
01111010011100
01101110010000
10100111001001
00000011000001
10111011000110
01101100010000
10011111000110
01111111010010
00111101011101
10010110000110
01011101011101
10001111111011
01111000011110
10111101110001
10011111111001
00001110001101
00110100000010
01101111010011
10011001101010
10011111000001
00110010011100
00000110000000
00111101011000
10000111000111
01101100111000
01111101011010
10110001001101
01100110110000
10100111100110
10011100110000
10001001101001
00110010111010
10011101100110
01111000001001
01110011001001
01101100011110
00000000000110
00011111011110
01101000111010
00110110001100
00011100100001
01001000100101
01011001100000
00100001001000
01000010110111
00111010100001
10011001010111
10100111010111
10000111111110
00001000110100
01100001010000
01111010100100
00100011101111
01100000001101
01101110110001
01011101111100
00001000001101
01011101100110
00100110110101
10000010001110
00101010100110
10000000110110
00001011111000
00110111000011
10001100110000
10101000110110
10010000011100
10101111111010
10011111101000
10001001011111
10010010000001
00000010101100
10011100101101
10010011101111
00001110110100
00111000110010
01100000110010
10100001001100
00111001100010
00111000010111
01100001010010
01111101010110
00110101101000
01010011111101
01001101111000
01010010001100
01110000110100
01010110011100
01111000010000
00101101000110
10011110100100
00011100110110
01000010000001
00111000010110
00010000000110
00011010100001
10110100001001
00110001001001
01101100111000
01000010010000
01100010100100
01010110100110
00011111100100
01101100110111
10010101100100
00001111101010
00011010100001
00110111001011
00000100011111
01010101110011
00110011101100
01011011101100
00001101011000
00000011111011
01010011001000
01000000001100
01110101110101
00111000110111
10010101001110
10101100010010
10110110011000
10011101011010
01011101011010
10111100111011
10110111001011
10011110100010
00101011001001
10010110110100
10110000100101
00111100111111
00111111101001
01111101000111
10001000001100
01000100000111
01001111000100
10011011100100
00010100011100
10110000010110
10100000101010
10010101010000
10010010011000
01001110110100
01010010010111
00111001100000
10001000100000
10101010111110
01101011011101
01000101111010
01101011111001
01010100110110
10110001100011
10011011101110
01001101101010
00010100000101
10000111011110
01011101101011
00011001110111
10110101010111
10001100001001
00110010000110
10010110110000
10110000111110
10111001101111
00010010010110
01001111001111
00111111111001
00101001111000
10001101100000
10010110111100
00100001111001
00000000000110
00101111010100
10101101111111
10100100100010
10010011101010
00000100100100
10000011011111
10100010001001
00011101101100
00110011010110
10101100000000
10110101110011
01101010001101
10100001101111
00010111100000
10101001011001
01101111010110
10011111110001
01100011100011
01000101111010
10111100110100
00010000110111
01001101011001
00100011110001
10100111100100
10111110000010
01001111011111
01010100100111
01111110001000
10110101010001
00100011110111
01000100010001
10100001001111
10101100010001
10101011011101
01000101000100
00011110111010
10101011010010
01100000101010
10111001110101
01101111010011
10001110111111
00111011110000
01010110110010
10110101111100
10011110010011
01011100111001
01010110011001
01010011011100
10000001101010
10101110110001
00110001111010
00000001010000
01101001010000
01101011101001
01100000100110
10011000000000
01100011100111
01110000101000
01100010001111
01001011101001
01000111111001
01111010010111
01001000101101
01010111001010
00100111101001
00001011100111
01000101001011
01001000100011
01110001100000
00010011110111
10000011001110
00011110100011
01100000010100
01111110110111
01100110001110
10101011110000
10110000010110
00110101101100
00101000001010
00100011100000
00110100001110
01110010011101
00011000111001
00001000011100
01011110001010
00010100000111
10101110000111
01111110111011
01110001011111
10100100001011
01001001110101
00111101101000
00100101101101