

pk=[2413,2262,3361,7390,2588,11987,2572,1332,4527,1721,875,4672,2879,3698,8518,5655,3478,7190,12115,9816,7384,7537,2233,639,10527,3164,12229,2794,11114,4709,470,9884,2577,8084,11544,7250,10886,2205,7266,5837,10236,2290,9807,8508,4925,2625,4860,5425,10192,8984,8185,4353,1096,6898,852,8022,43,2673,3339,2580,5371,2623,4952,1286,6398,3862,3046,10298,10198,5582,7045,3628,6881,9530,5276,11403,1800,9250,1334,3876,1191,3010,1719,4197,9822,5984,650,2061,4441,8498,9018,6560,3032,4391,12238,7236,811,9091,11991,6103,11768,5802,8676,2936,8017,11460,71,7143,8240,8603,2530,7670,8474,1471,4546,3051,5630,7660,1703,13,5036,5493,8756,5269,4897,7579,4956,2725,781,2501,6671,7458,2166,9086,8168,3834,5886,6396,185,8038,3570,10178,10528,5186,4447,8437,3066,9920,9729,6414,5002,832,9084,9991,3222,1985,4065,3359,6032,8197,4385,10598,1110,6844,6730,9247,10589,8101,9207,8955,1384,3953,7435,9269,8803,623,1843,11964,8547,9190,701,682,6957,11844,4496,2763,9128,7413,6280,10644,3078,3368,5780,714,9691,5754,7198,3483,3595,4471,8900,1068,6864,8842,2726,11900,4621,2279,5213,804,3665,11812,1122,11929,9481,5381,9456,3648,7166,5363,2370,5282,11336,2010,5576,3950,9274,4181,694,4610,8318,7885,8268,2590,5993,8566,4177,3807,7399,5805,12271,640,5497,7606,8421,8970,4991,690,643,3402,11737,1240,6386,8287,10707,9620,4363,10188,7146,6467,6618,6585,10294,5361,1550,10019,4249,9266,4210,9885,3390,9480,9685,7469,10253,479,4781,5069,8235,3696,8168,6539,186,4245,12130,5736,1056,118,11560,8581,6740,6717,9196,7542,6504,7738,4696,6574,11960,5804,8110,4374,5449,8158,5863,5196,12235,3082,221,4318,5687,9423,5546,6421,8122,11658,1340,295,3991,11968,9562,1507,745,92,7637,9259,3562,7960,1099,3074,8557,1914,8127,4756,2881,9866,3028,5849,9185,5673,10082,4556,11248,7472,12060,11662,1203,3013,5596,2918,4475,3796,6491,8084,9789,6265,9707,3122,11515,3541,6244,9610,5550,730,2054,10890,3931,11703,1180,4110,11434,11427,664,4388,11823,1347,6831,4010,786,6424,11872,4799,7683,7912,11185,6041,4766,10447,150,11392,2693,2844,3870,6569,9862,9585,125,9730,6438,5228,4907,8309,4724,9479,44,9289,355,10916,5191,10892,7387,6209,835,1544,3375,5447,4135,1768,2853,2391,2767,7156,445,4420,7006,8231,6187,9362,3739,5950,2849,11041,266,8427,8768,11704,9274,598,9261,5719,11201,10953,6295,9979,4831,8917,11185,821,4741,11422,4866,1676,10256,1625,1198,2161,9160,7474,10053,656,11009,9153,6438,1421,5850,11078,10917,10279,6806,10059,1697,5995,2555,11231,8773,11093,945,7918,10866,289,390,9403,10881,2420,4464,10718,7858,5493,5242,11945,449,10366,12267,5400,11213,11158,4606,9443,2916,5448,2277,7941,11602,1973,3593,3217,4456,11279,10355,6430,11652,4239]





s1=[1,-1,1,0,0,0,1,1,0,0,0,1,0,0,0,0,-1,0,-1,0,1,0,0,0,0,-1,0,0,-1,0,0,0,0,-1,0,-1,0,0,0,0,0,0,0,0,1,0,-1,-1,0,0,0,0,0,0,0,0,0,-1,-1,0,1,-1,0,0,0,0,0,0,-1,0,0,-1,0,0,0,0,0,0,-1,0,0,0,0,0,1,0,0,0,-1,0,0,0,0,-1,1,0,-1,-1,0,0,-1,-1,-1,1,0,1,-1,0,0,0,1,0,1,0,0,1,-1,1,0,0,0,0,0,0,0,0,0,0,1,1,0,0,0,0,1,1,1,-1,0,0,1,0,0,0,0,1,0,0,0,1,-1,0,0,0,-1,0,0,0,0,0,0,0,1,0,0,1,1,0,0,1,0,1,-1,-1,-1,0,0,0,-1,-1,0,-1,0,0,0,0,0,0,0,0,0,0,0,0,0,0,1,0,0,-1,-1,0,1,0,0,0,0,0,0,0,0,-1,0,0,-1,0,0,0,0,0,0,0,0,0,0,0,0,0,0,1,0,0,0,0,-1,0,0,0,0,0,1,0,0,0,0,-1,0,1,0,0,0,0,0,-1,-1,0,1,0,0,1,0,-1,0,0,0,0,1,0,0,0,0,-1,0,1,1,0,0,0,0,-1,-1,0,-1,0,0,0,0,0,0,0,0,0,0,0,0,-1,1,0,0,0,1,0,0,1,0,0,0,1,0,0,-1,-1,0,0,0,1,0,0,1,-1,1,0,-1,0,1,1,1,1,0,0,0,0,0,0,1,1,0,0,1,0,0,0,0,0,1,0,0,0,-1,0,0,-1,0,-1,-1,0,0,0,0,0,0,0,1,0,0,0,0,0,1,0,0,0,-1,-1,0,0,0,0,-1,0,0,-1,-1,0,0,0,0,0,-1,-1,0,0,-1,0,0,-1,-1,0,0,0,0,0,0,0,0,-1,1,0,-1,0,0,0,0,-1,0,0,1,0,-1,0,0,0,0,0,1,1,0,0,1,0,0,0,0,0,0,0,0,1,0,1,0,0,0,-1,0,-1,-1,0,-1,-1,0,0,0,1,0,0,1,0,-1,0,0,0,0,0,0,0,0,-1,0,0,0,0,0,0,0,0,1,1,1,-1,-1,0,0,0,1,0,1,-1,0,0,0,1,0,0,0,-1,-1,-1,0,0,0,0,0,0,0,0,0,1]



s2=[1,2,2,0,0,0,0,0,0,2,0,0,2,0,0,0,2,0,0,0,-2,0,2,0,0,0,0,-2,0,0,0,0,0,0,0,-2,-2,0,-2,0,0,0,-2,0,0,0,2,0,0,0,-2,2,0,0,0,0,0,-2,0,-2,0,0,0,0,-2,-2,0,2,0,0,0,0,2,0,0,2,2,0,0,0,0,0,0,2,0,0,0,-2,0,0,-2,0,0,0,0,-2,0,0,0,0,0,0,0,0,-2,0,0,-2,0,0,0,0,0,-2,-2,0,2,0,0,2,-2,0,-2,0,0,-2,2,0,0,-2,0,0,0,0,0,-2,0,0,2,0,2,0,0,0,0,0,0,0,0,-2,2,0,0,0,2,-2,2,0,0,0,0,0,2,-2,0,0,0,0,0,0,0,0,-2,2,0,0,0,2,0,0,0,-2,0,-2,0,0,0,-2,2,0,2,0,-2,-2,0,2,0,0,2,0,2,0,0,0,-2,0,0,2,0,-2,-2,2,-2,2,0,0,0,2,0,0,-2,-2,0,-2,-2,0,2,0,0,0,0,2,0,-2,0,0,2,0,0,0,0,0,-2,0,0,0,0,2,0,0,0,0,0,0,0,2,0,0,2,0,0,0,2,0,0,0,2,0,0,0,2,0,0,0,2,-2,0,0,0,0,-2,0,0,0,0,2,-2,0,0,0,0,2,0,0,-2,-2,0,0,0,0,2,2,0,0,0,-2,0,2,0,0,0,0,2,-2,0,0,2,-2,0,-2,0,0,2,-2,2,0,0,0,0,0,0,0,0,0,0,2,0,0,0,-2,0,0,0,2,-2,2,0,0,0,0,0,0,0,0,0,0,2,-2,0,2,0,2,0,0,2,0,2,0,-2,0,0,0,0,0,0,0,0,0,0,0,2,0,2,-2,0,0,0,-2,0,0,0,0,0,0,2,0,2,0,0,0,0,0,-2,-2,0,0,0,0,-2,0,0,0,0,-2,2,0,0,0,0,2,0,0,0,0,0,0,2,2,2,0,2,0,0,0,0,0,0,-2,0,0,0,-2,-2,0,0,0,0,0,0,0,0,0,0,0,-2,0,2,0,0,2,2,0,0,-2,-2,0,0,0,0,0,0,0,0,0,2,2,0,0,0,0,0,0,0,2,2,2,0,0,-2,0,0,-2,2,0,0,0,0,0,0,0,2,0,0,2,0,0,-2,2,2]

