10011100001100
10110011100101
00000111110000
10000000011101
10101101100000
10010010110111
01010001111011
00001001111100
00011111111010
10001110001101
10000010011011
10001000110000
01101011001010
01001000000101
10010100110110
10110110000100
01001000011101
01100100011000
01001001000011
00000100011111
01110001111000
01010110000000
00001000101011
10010000001000
00101001001001
00000101001101
00101000011011
01000110110110
10001011111111
10111110101101
01110101111011
01000100101100
10100110110110
00111000011101
10111010010111
01000101110111
01011111110010
01010001010110
10001101100111
01011110011110
00001001011010
00110101111111
00111010101100
01000000101011
01100111111011
00100010101010
00110010110110
00110001001110
00101100000001
00010101101011
01010011111011
01111111011111
10001010110010
00000011101000
10010100100100
00100100010110
01010101101101
10000001011010
10100011010101
10010001000101
10111001100100
00001011001111
00101111011100
00001100000000
00001011000110
00101010101001
10100100000011
10011100010111
01100001100000
10111010010010
00101110011100
01111101000111
01100101110011
00110100111111
01111011100100
01011001011011
00011010001000
10110011010000
00100000010001
00110010000110
10001100111111
10011000011111
01110111101010
01011101100011
00001100010110
00011110100100
00100111000010
10011011010000
01010110110111
01010101000000
01110110100100
01111000001001
00110111000101
10110000110110
01001011101001
01011001001010
10100000010101
10010100101001
10001100101101
00111111111011
00001011111000
01101101111111
10000001111100
10110110010110
00101111110011
01011111011101
10111101001111
00100111011000
01011000111101
00101010101011
01100011100010
10100011110101
10010001010010
10000100011011
01000101011000
01000110010110
10001100000110
00111001110010
10000101001111
01111100101011
00111101110010
00110111110010
00011000001011
01010001001110
01011000011011
01110110001101
01100110111111
00000010011011
00111011001101
10100010001000
00111110010010
00111101011000
01100011000011
01001111100100
10011101101110
01101000000110
10110100010101
00010010000011
00001011111000
10100000011010
01000110000010
10111011111001
00111110001111
10100110000000
00010111101101
10011110110111
01110010010111
01101011000010
10000011000110
10100111101111
00010010000111
00100101100110
00111111011010
01000111011100
00011010110100
01101010111101
01100111110010
10011001011101
00000110101111
00011101001001
01111110110100
00110001010100
01001110000001
01001000000001
00000111100000
10101100001010
01000110111100
00111101000110
10110001111110
01010101001101
01101010111001
10010000101101
00010101001001
10110101001100
01101110010010
01001101011100
01001010010011
00111011011100
00000010110100
01110100010110
10100011110111
00000000000010
10100100110010
10100111011010
10010100110000
00100001101100
00000101100001
10110110111110
01001110010100
01011001110110
00010101011001
00110110011110
00110000101011
10001111111000
10110001111110
10000110001100
01100010111100
00001101001001
10010111010011
00010101010001
10110010000000
01101100111000
01100010110110
00001001110101
01001100111110
01100101001110
01001011101001
10001111111110
01100101001000
01100101101011
00111110110110
10100001111101
01111101001010
10100000011110
01101000011010
01110110111101
01110010110100
01110011110100
01100110111100
00111011001111
01100110010111
00101000110110
01000100001001
00101001000100
01001010111010
00101010101000
10000100111101
00110000111011
10111110111101
01100110111001
10010000111011
01101011000100
10101000001110
00011111000001
00111011111000
01110010101110
01011000011101
10110011101000
01010100011100
01010001011011
10001110101010
10010100011010
01000110111101
01011001011011
01001001101010
01000100111101
10100101010110
00000010000111
10110010110101
01010110001111
10001001100111
01100000011101
01100011101100
00010001011110
10011100100001
01100000011111
01011100001111
00011010000111
00110011101110
00101001001001
00011000100011
01101101010000
00011011011001
01110101000110
01101010000001
01010101100010
01100011001011
10001011100001
01110011111000
01110110110111
10010100000000
00110010100100
10101011010110
00101010000000
10010010111111
10110101000100
01110110011000
00100101111011
10111001100000
01111000101011
00001010101100
10101111111000
01011010111100
10001111100000
10000000011110
01101011011001
01010010100010
00100100011001
10101100110010
00010010010000
01100100111100
10101001011101
01010100110101
01110010111000
01011101110011
10010101001001
01010110000110
00011011100110
00100011110101
00100111001110
10010011101011
10010010000110
10011101111111
10010001000000
10001101111111
00000100000111
01011111101010
01010111010000
00011111011000
10001011010011
00010000101110
01110000010100
00000100100101
10100101000000
00001011100101
00010110001000
01011101110101
10110000010110
01111010001001
10010011101111
10001010110111
00011000101100
10100001010101
01101110111000
10010111111000
10010011011111
10101110110110
00000101111110
00111000110011
00001010011011
00110111101010
00010101110011
10111010100110
01001100110011
10110011101100
01001111000010
10101100111011
01101110000101
00111110000001
10111011011101
00001000001000
01001101001100
00101100010101
00111110000110
01101011011011
10011011101111
10110111101110
10100110000011
10111010011000
10101110101101
10100111111111
10110011101010
10110000110110
00111010101000
10001101101011
00011110111001
01110000111111
10100110101001
00010110000010
01101100011101
00100011101000
10100000111101
10111111110110
10011010010011
01101110111011
10011101101110
00001001000001
10010101001000
01001000010100
00001001011001
10100011101101
10100000111101
10000100011100
00011000011101
01011100001000
10100111111110
00110000100101
01011010011100
01110101111101
00100010001100
00110011000111
10001000101110
00010000101101
00110101100111
00110011100100
10001011101100
10110100110001
01110101011010
10100111011000
01110001011000
00001001010000
01100000100001
10001001111100
10111001101001
00010111111001
00011101000000
00000111011111
10000111000111
00111101000110
01001010101101
00011100010101
01111111010101
00101010110001
01111111011010
00110010100000
10000111001011
00000010101100
00010101111101
00110110010000
10101101000000
00010101101101
01100011111110
01011101010011
00011001010111
00010110011011
01011101111010
00010100000100
00011110111011
10111010110111
10101101010111
01111000000000
10011100010001
01100000100110
10010110000111
10111010000111
10101101001111
00011000000011
00101101010110
10010111100010
00010010011000
00000000011110
10110011000000
10010001001011
10011011011101
10111011100110
01001111100100
00000000011101
10100001010000
00000110011100
01101000111001
00101101100110
01001000110100
10100000010111
01110100010000
00000000001011
00101011100100
10101010000001
00010110001010
00000001111100
10010010100010
10011010110001
01111001100011
01011011000010
00100001101010
01001011101010
10010000010001
01110001011101
10010000010000
01000111011001
10001001011100
00100101000010
10010001000101
10001010100111
00001110010100
01001100110000
00001110011111
10001000011100
10101000101101
10000101001111
10100001101110
01011101110111
00010111110000
00111100011110
10001101010001
00101101000110
10011011000001
01010110001000
00110110101110
00001011001001
10101010110000
10101100001100
10101000011100
10110101000011
00110100010110
00110000110010
10101001010101
10001101110100
01001011110011
00011001111110
00011111111001
10011000001111
00000101110111
01000011001010
01000001101011
01010111011111
01000001101100
10011111010100
01110010011110
01011111101001
01101000000011
01110011100011
00011110010001
10000011101010
01010011010100
00000000100001
10010010000101
01111101110010
01111101010000
10000100111000
01111000100110
10000010111100
00001110000011