00010001111110
01000010110101
10000110101010
01110001101011
10100011000000
10100110000101
10000110010111
01111110011101
00000000011000
00101100111110
10000010100100
00000110101100
10011100100101
00011011100111
00100111001100
01110001101110
01000010000101
10111100100011
01101001101100
01001000000011
01100110000110
10011100101010
00111111111011
00111001101010
00000010011010
01010100100010
00100110110000
00011111100000
01100110001100
10110011001001
10101111001110
00001010010111
01101100100001
01111100100100
10010101111110
10100010111001
01011100000101
10010011100001
00001000100100
00001001010010
01000001100101
01111111000100
10101001110001
01010000100001
01111100011101
00101010101000
10001110101011
01001001101101
01011001001011
10000100110011
01101000010011
01101101101111
00011110110111
01110001101001
00101101001100
00110101111000
01101010111011
01101111010101
00100101110100
01000010111011
01100001000000
01001111011011
10111110001011
10000001010010
01110000100111
00101001010111
01001111000011
10100001011100
00100100010100
00111101100001
01111001010100
01101101111100
01001101000111
01100010110101
10111001111101
01001110100011
00000000011001
00111011111101
00000110110111
10001000011101
10011111001101
10010010101110
00101111001100
10110010010110
10111010001010
01011100100110
10100111000000
10010010010001
01001110110111
00110110001001
10100000011100
01001101101000
00110101001111
00001011101111
10110010010011
00110101010100
01001111001100
10110101010000
00000111000110
00010010000101
10000110011000
01010001011001
01000110110110
10000010001000
00010011110111
00110111111100
00001000110010
01000000111011
10001001001000
01000010101010
10010100010100
01101101001010
00011000101000
01101100100100
01111101011000
00011111111011
10011111111100
01000011010111
10011111011001
01000110001000
01010011100101
10111000110110
01101111111011
01000011000000
01010111011000
01000100011000
00100110110001
01000111110100
00110111011100
01000011001011
00001010011101
01101001111111
00100100010000
10000001110001
10000101001111
00101101000011
00101000101011
01101010100000
00111011011001
00110100111101
10011010000100
00110110010001
00011101100100
00001110010110
01110111010001
00100111001010
10001101111001
00100100001110
00101000000010
00001010111011
10100110001000
01001011000010
00111011100001
00110110100111
00100101110100
01001000111010
10011100100001
10111111000010
01100001101010
10111000001001
00110111101101
01100011000010
00001110001001
10111000001111
00000010100110
10111011100011
00100001000001
00100011110100
01111111011110
10101101101111
10100101110111
01110011011100
01010010110011
10001101101110
10001100100011
10011111101110
10110110000111
10100110100110
10000001111001
01100101100100
10000110101100
10010000111010
10001001100011
01111001101011
10010101111101
01110001000111
00100101011100
01100110110110
10001100001101
01000111000110
01011001010110
10001010101111
01011111100110
10001101101100
10001010010100
01111000001110
01110010100000
10001111011111
01001101111110
10011101111100
00001011100100
10100010010111
00110101000011
10011110100110
01000010100011
00101101100110
01010101101010
01000011000011
00111001000001
01110011110011
01010100010000
00111000010111
00010000010001
01010000111010
10010111111010
00111110011101
01011101100111
10111011000111
00111000001010
10011011101011
00111100110010
10011101010101
00111001111000
01010011010111
10010000100001
10111100011101
10101110100101
01101101110110
10001001110001
01001011010110
00001101100010
10001001000010
00011101011010
00011000100110
10110000111011
01110011010011
01110001001111
10110110100010
10011000100100
00001100110000
00011010110001
00011111100001
01110001110101
00001001010010
01101011100100
01111110101000
01101010000001
10101100011100
00010101101001
00101001100011
10000110111010
10010110001001
00101000010101
00011011000111
00001100100100
00110111111010
01010011010101
00001101111100
10010110100011
10101011111110
00010011101000
00011010001100
00100010110110
10100011010011
10000101000100
00011101000100
00110101110001
10010001100101
10100000100000
10111110100100
01000100110010
01000001001001
01010001000011
00010111111011
10101000010001
01011110001101
01010000001110
00000010001001
10100001101101
00011101010010
01001011011100
10110001011011
10110111011100
10110101100101
10001010101100
00000101011011
01010101001100
00010010101001
00110010110010
00110111101101
01001100011000
10110010101011
10000011001000
00111101110001
10011101101100
10000011100111
01001101001110
00011101110000
00100101010001
10010110101111
10011110110111
10100111101000
00011011100001
01010100101111
01011010110111
10010110000100
01001000011000
01101000010010
10101011000000
01000001111110
00010001010001
10001101101000
01010001010011
01010101101110
01101111101101
10010101110100
01001101011000
10111010111011
10000011010110
01111001110011
01011111100000
00001101100111
01110110011110
10001001010011
01011101011110
01001101001011
10001010011000
01000101010011
10110011100001
01100101100101
01100010101011
00010001110111
10000000011111
10001100001100
10111010110000
01110000100001
00001010101110
00001101101101
01101100100001
01100000000100
01110110100100
10011010010111
10010001101001
01111000101111
01111110011011
10100110010000
00011111110011
00111101101010
01001110011101
10000010101110
01010001111000
01011100000011
10110100110111
10111111110110
01011001100101
01011110101001
10100000001111
10001111110111
00000011111000
00010011001101
10000101010011
00010111011001
10010011001001
00110110101000
10111011010111
00000011111001
00100111001000
00110000001100
10000000010100
01110001111100
01010100000110
00010110010111
01000011011110
10010100101010
01100011000001
10011000111101
01000111000111
01010001010100
01011001111100
00001100110110
01010110001100
00101101101000
01000010000001
00111011011001
00010001010000
00111010111011
00100010010011
10011100001110
10100101110001
01001000000000
01011100101010
01111011101000
10111110011111
10011010111100
01010001111011
01010111100010
10110011011011
10110110101011
10101101100110
00011000101011
01000101001000
00100111010010
00110101000011
01001001000000
10011100000110
10110011101101
01100101111001
10000000101101
10111110111111
00111100010010
10111001100100
01010000001000
01101001011110
00011000011011
01011100111101
01001011101100
10001000110011
10011010100001
01111101101111
01001100001101
01011001001011
10001010010111
00000100110110
10111000011000
10111100101000
10100100100011
00000111001100
01111100111100
00010010101000
01001010111001
00011000001010
01010010000011
01110110110001
00001001000101
01000001111100
00111101010111
10011111100111
01100111101000
00001111011001
00111111000101
00100100011110
10000111110000
00001000111110
10001111000001
10110011001000
00011011110000
10110111001100
00010010101011
10110111011101
00000100100001
00001100110000
01001110110101
01101011100111
01101111101111
00010011111011
01011010101010
00100011001000
10100111010000
10000001001010
01100010010101
00100000001110
00000101111000
10100111100100
01000010111011
01100000000001
01101001000111
10011101101101
01100111111100
00111111001010
10101011100110
01011111100110
10001111010000
10001001100010
01101001111101
10011100000001
01000000011010
01010111101011
01001110111010
00011101010011
10000011001111
01000101101010
10101101000011
00100100110101
10111010110001
00110001010000
10000001111110
00110110001000
01010101101000
01001100001110
00011011001110
10111001001101
01110100010100
00001000110101
00111010100001
00101111101101
10101011001110
00110101100111
01010001011011
10001001011101
00011110100011
00110110010101
01010001001111
01001011100001
10010011001110
00000100101000
00101000011101
01001110111101
00101010001011
00111010011000
01011000001101
01011110100100
00110111100000
