10011000010000
00111010000000
01100010010011
01111101010101
00000001101100
00100010001010
00110010000000
01010011011111
01010001011101
01100000101110
01000010100111
00001010101011
00011100000101
10011010111011
10101101100111
10010100111000
10101010110000
00001010011010
00100000110100
00010101111101
01000010001100
00111010101010
10101110001000
01000011001010
00100110110110
10000101011100
10100110011111
00010000101100
10011010010100
10111011001001
01001111011110
01011000111001
00011110010100
01101110110110
01100100010000
00000001111011
01100010000111
10111110101001
01111110011001
10010110100111
01101100111010
01100111100101
00101011010001
00001100010110
00001101001010
00010000011110
10010111011101
01000101111000
01000000100011
10010100000000
10000101000001
01101100110101
10100011011111
01100110010010
00011010100111
01100011000001
00110011111010
01111111010001
00011000010000
10100100000010
01001011100000
01000011001010
00010111000101
00000101000000
01111101110001
00110000010100
01010011110111
00000010100001
00010011010110
01100000110100
10101011011111
00000101010000
00011011001010
10110011000011
01011000010001
10101100001100
10010001000101
10000001110101
01000111101101
10010111110010
00010101100011
01111011101111
01110011101011
10011001010100
00010010101010
10010001101111
01011100111101
01010011010010
00000000110011
01000000101001
00001001000000
00100111110000
00010110010001
10111101111001
00101000010101
00110010110010
10010101010010
10111001010011
01010110011100
00011111100010
01010000101001
01001110110010
01011001110101
01100111100000
00110101101011
10010011101100
01001010111000
10001000001101
00111011001011
01111011011000
01010001010110
00101100110110
01000101000110
10111000111000
01100000101101
01011011100110
00010010010011
01100100010111
00101000001111
01000100111111
00001011001001
10011101111100
01101110010111
10110010101001
10001011001111
01111101111100
01100001110111
10001000111010
00011101011001
01111001111111
00101000110001
01011001000100
01001000101101
00011101100101
00110000110101
00001110000001
01000101001001
10110110001001
00100001111100
01111011100000
10000110111000
01100001010111
10001111011001
10111011111010
00100100101111
10110111100001
10111011001001
00011000101011
10000010011010
01111000011010
00001010001010
00011110101111
01001110001111
10100000010110
10011111101000
10110001001001
10101001111111
01110011001010
01000011100011
00010101010100
10001111010011
10110001100001
10001101011011
00111000110011
01101000010010
01100011000001
10100111010000
01101101111110
10001011011001
10110110101101
00000100100000
00000111000101
01110010001000
00100011111100
01011110111100
10001101001001
10101100011111
10101011100101
01111010010010
01110000100011
00111000010010
10001001001001
10100010111100
01110001100101
10111001101011
01001101100001
10111001000111
01001100011001
00000111001001
10010101001100
01010001100000
00000001100001
00001011010111
00011101100001
01010000010001
01101001011011
00000011010010
01011110111011
00001010001101
10011001111010
10000100001010
01001011100110
01010111100111
10101100111110
00001011110101
00100001000001
00111101001010
00110111001111
10000101010010
00101100111010
10101001010001
01111110011111
10000001011100
01110000001001
10101010011110
00000111110111
10100111100010
10011101110010
01101011001010
01011110010111
01010111011001
10111101100000
00100111011101
00001001000000
00111000011111
00000001011010
10010111011100
10011010010100
01100101010111
10011100111100
10110111100111
00001001101110
00101000001011
01010111010101
00010000011010
10001000111000
01111010001011
01111111001000
10010111001111
01111011011111
10100010010000
10010110111100
10100011000111
00101100101101
10011101000011
01111100000111
01001100110000
10111111010011
10011111101010
00111011001100
00111111101100
10110000110001
10010000101101
10010101000000
10001011000100
01110111100111
00101111100100
00110110000011
10011010100010
00110100010110
01110101110010
00001101111011
01111100000111
00000111100111
01000011111001
10110001110001
01001111110011
10111001100010
10010000010101
10101110000010
10001010100010
10111111000011
01101110111101
01011000010100
00100111000110
00100101001010
10011001100101
01110111010101
00010010001010
00110111110100
01100010110000
10110000101111
00101101011111
01000101110100
10000001111000
10111100111001
10001011100101
00001001001101
00010011001001
00111101110110
10000011101100
00010111110111
01011011010100
01001111011010
10010110011000
00111101101101
01010101011010
00010001000000
01101001011010
00110010110010
01000010000100
01011010000111
01000111101101
10010010101100
01100111111000
01010110111001
01011010100100
01001101010100
10100111001100
10011110100000
10110010000011
01011100110110
10101101011010
01001101011001
01100011110000
10001000000001
01110101001011
00010000010110
01101000101101
00001100011110
01000101010101
00011001000010
10010100011100
01001010101000
10100000100010
10111101100001
10110110101110
01110110011000
00000001001111
00100000011011
10111101011110
01101000110111
01100101111010
10010111001111
01010110011000
10011001010000
01011000111111
01011001100011
01000001011101
10000111110001
01000000111111
10110010110111
10110010001101
10001111011111
00100011001110
00111100010001
10011110110110
00100010110000
10010010011101
00111011100111
10010000111110
01001010001010
01000011001100
00000010100001
10010101110110
10100110111110
00001110001000
00011001101110
01010000000110
00100110111101
01100101110110
10110000010001
01000110100101
10100010011111
00111100001100
01011010011111
01101100101000
10111100000101
00100001100100
10110010001001
00100011001111
00010101110111
00011100011010
10110010001000
10010100110100
01110010110111
00100010000111
00010000011010
01111010101100
00101001010010
00100100010100
01100011001100
00100100000011
10011111010010
01000100101100
10001001001101
01100111011000
01110100101010
01110111110101
10011010010110
10110000111110
01010100101000
01111011010110
01001100110000
01110000101011
01100001011111
01111001101001
10111110101011
01000000000101
01001111001010
00101101000010
10110100100111
10100100111001
00110100010110
00000000100110
10010110011110
00000101010111
10001110100101
01011111001000
01100000101110
01101010111111
10010110011010
01011010101011
01010000111001
00010110011010
01110101011011
00111100111000
10001000010010
01011011011011
00001001101101
00000010111010
01000110110000
01110001001100
10100000100001
10110111100111
01001011011101
00111111111000
10011110010011
10111111011110
10101100010010
00111100011110
01101111010101
10011111110100
01100011100100
00011001010101
00000100011101
00110011111010
10110001010111
01101111100011
01101110101101
01000001001011
01011000001101
00101101100000
00010100101010
00111111110010
10100111001001
10100100000110
01011100110100
00000110101101
01100010010000
10111111111100
01010101111011
10100010010010
00000101110011
01101101000111
01100000111011
01010010111000
00000110101010
01010011101111
10010101000101
10010010000010
10001011110001
10101010101000
10001111011011
10001111101101
10111000010011
00101000010011
10101100011011
10101001110110
10101011001100
01000000001011
00011100111110
01000010011011
01011010101000
10111000010000
10100101001001
00111101111000
10100000000110
10100011111110
10100101011001
10001011000011
01100100101011
00000010111011
00011100010000
00111000100101
00111000101100
01010011000111
10101010000001
10010010111010
00111011010011
01001100101010
10100000011000
10001111000101
01010111101101
10001000101111
10011001001000
00010101100111
01100011101010
00101101010000
10000100011011
01100110101111
00111101000000
01101000100001
00010111001100
01010011001010
10011101111111
10100011001101
00000011011100
10000100111110
00011100001111
10100010000101
01000011111000
