01001101110110
10111110111000
01100010001111
10110101101110
01000011111010
10000100111101
10111101011110
00111011110100
10011111111000
01010101111010
10100010101011
10000010111111
00110001011001
10101000110100
00000110110111
00110101111111
01011000011001
01101011011001
10110100100100
01001010001010
10100011010000
01001010001111
00101010110010
00001010100000
00101100010111
01001001001010
10110000111101
01010010100011
10100101111110
00100101101100
10010110100001
00011010011011
10010101011110
01001000010010
10010000101011
01101000101011
00100000110110
10011010010110
10001011010100
00111000111000
01100011011001
00010010001001
00111011110001
01001000011111
00010001010011
01001000011100
10010000101010
00101110100000
00011100111101
10011110000001
00001010001000
00000100101010
00011101011001
00000000101111
01010000010000
10100001111011
01110010011111
01111100100010
10111101100011
00110100000000
10000001110111
10100001000101
01001100111111
01100100100010
00110000001101
00111000111111
00001000111001
01101100110011
01110011001010
10011110001100
00010010100001
10010100111000
10011111100001
10100000000110
10101101101001
10100110100001
00011101110010
00100111101001
10011010101011
01000001011110
00101110001000
10101011010000
01101000011101
01011011111111
00111111100000
00001011101111
00110001000000
01001110011001
10001111000010
10111001101101
01000100100001
00111110000011
10111011000000
10101100001100
01010101101000
10100111000100
01000101100100
10010000111000
10011000101110
10001001100111
01001001001100
00110001111110
10101110010000
01010101001011
01101010001111
10000100110001
10011111110000
00100011111011
10100010000110
01000100110010
00101000010000
00100110011001
10110101111011
00101001111010
00011001111000
00010101110111
00000111000111
00101101001011
10000001000001
01010100001010
00011111000110
10110010000110
01111110101100
01100111111110
10000111011011
10011110011100
00111110111110
00110101110110
10010110100101
01111110111001
01100001000101
10100010101001
01010110000000
10010000001010
00111100010010
01111111001110
10110111010011
01101001111001
01001011110101
00011010110101
10010001010100
10110111000110
00011010001100
01011110000101
00111000110011
01000011110000
01100010111110
00100111100100
10000001010110
01101111111111
00101000110110
00110011000010
10011111000010
00011010100110
00100111111110
10111001000000
10000110101001
00001111011011
00111101011100
00001000110100
10000111101110
00000110101111
01011011001001
00010101110001
00011001100010
10011100110000
00000101001100
00101010001111
10111110011010
10111111101111
10101110001000
10011101000010
00011000100110
00000100000110
00010111100111
01001110001000
10010011000100
01111000111101
00011101101001
10000110000000
01111100000101
10110100001010
01101110111111
01001110100011
00001111011100
10110101011000
00101101010101
01100110010100
01111111100010
10011001001101
01101000100111
01001100010110
00110101101100
01001101011010
00011100011011
00101101110111
00110111110000
00011110001101
01000001100000
01101001000010
10000001111100
00111100100001
10001000001110
01100001100110
00100011010111
10000000000100
10101110111111
00100111000101
00001001110111
00000101110101
00001100101101
00101010110000
10101011010011
01001010010100
10001011110111
10110101001110
10101011100100
00101110111010
01110001101010
10111110010001
01011000101001
00001101011001
01100011000010
00010011000101
01010110011011
10111000110011
10100101111100
00001011000000
10010111001011
10101001010000
01101001001111
00001111110001
01000110011101
00111100000101
00101110000110
01010011010110
10101011101000
00000011101010
00000100100001
01110110010001
00101100010110
00101111000010
01010000111001
01110001011011
01111110101001
00110001001000
10010001011111
10001100100001
10011100110101
10110011000101
10001100001110
01010100100100
10110010100100
00001111011011
00000001000010
00111000010010
01011110110011
01110110100001
00000010110101
10111111110010
01001101010100
00001010011100
10111001011100
10010100110111
10111001100010
01000010101100
01110001110010
10000100000010
10000011001001
00000000011101
10010111110011
00011111001011
10010100000101
10110001010100
00110100011101
00010110100000
10010111000100
10100011010010
10111111011111
00101111110101
10011111011110
00100011100100
01100110010010
00010001000101
10010000001001
01110110110010
10101101110010
00101001100100
00011001001000
01010101101010
01000110110101
10110011000111
10001000001010
10100101110111
10101101000110
01001101111110
00000000001101
01110110110100
00111100010101
10000111101111
01011111001111
01100011111011
00011001000010
10010100010100
10110111011110
01100100100100
00101000001000
01001110010110
01101111100010
10000010000110
10101011100001
00001101001110
00111101000011
10100011110110
01101001100011
01110000101001
10010001110010
01100101000101
10111101110010
01011011100011
10000010110110
00101101111110
01000111011101
10000001111010
10001011000010
00100101001110
10110110100010
10001000000001
01100000110100
10101001111101
00101000010010
00100011011100
10100011101001
00110001101000
00011010101010
00101111101101
10111101100010
00010010101111
01110101000000
10100010011100
00110011000111
10001011000110
01011010101001
01101111100000
01000010101101
10000000011010
00011101111111
01000000000011
00111000010010
00101111100001
10100001110011
00000000110011
00000100010100
10011111101011
00001000001001
10001110100100
01111111100000
01100001001010
00010000001011
01001001010000
01101011110111
00111110001011
10000100000010
10101000110010
10110101111110
10101011010000
01000010110101
10100111100010
00000000010101
01010010111000
00011100010001
10100010010000
00001010110110
00011001100101
01101100011000
10011001011110
10001010101101
00110001111100
00111000000100
00110011101110
01010111101001
00001001110000
01101001010101
01010000010011
00000001111111
00001100011110
01100001010000
10011110000011
01100000010110
01000010101011
00111000001111
10101011000010
00101110011011
00101011011100
10000001111101
10101000001010
10000100000011
00101011010010
01011000011010
01111110101011
01000011111011
00010000011100
00110111101010
00000110101111
10111101001101
10010111001111
00001110110000
00100101001011
10111001010001
01011101110001
10111111100110
00101100001110
00110011001110
01110101011101
00110111001100
01111001001001
10011011000010
00100111001000
10101011100101
01000010001101
00000111001011
01100111011010
00100000000011
00101010100010
01111011100111
01101001100010
01000011000011
00011011100100
10111001110010
01010101101100
10010000010111
10011110111110
00000101001000
00011001011011
00100110110101
01111111001100
10000001110101
00101100100100
01001100110000
10010001110111
10001001001101
01001000010001
01010101001101
01100100001000
01000010110000
10011110111001
00011000101100
01011101100011
10010001010101
01110101111111
01001100110000
00100001000111
10111000010000
00100001101010
10110111100111
01010001110001
01001111011100
10100001001101
10110000001101
01000110110011
10100111001101
00010101111000
10110100110111
10011001000000
01100101011110
01011111101001
01110001000001
00101011101010
10000100101101
01100001010111
01111101000110
01110011000101
01000110110100
01000100110000
00010010111111
00010001001100
10001001011101
00011100100001
10110100110111
00001100011101
00100000101100
01100000110010
10000100000111
01010000001100
01001111010111
01010101010110
01110110111110
01010101110010
01001001110111
10100010101011
00111010101011
01111011001000
00101100111011
10001111000100
00101100000111
10000101100010
10011001001101
00000100100011
10010000000101
10110010001011
00010001100101
00111011000011
01001010111001
00000001001010
01000111110100
10001100111000
00000111010101
10110010010010
10000111011110
10000011101010
01100111000000
00101001011001
